#radi	circarea	central	t=1	t=2	t=3	t=4	t=5	t=6	t=7	t=8	t=9	t=10	t=11	t=12	t=13	t=14	t=15	t=16	t=17	t=18	t=19	t=20	t=21	t=22	t=23	t=24	t=25	t=26	t=27	t=28	t=29	t=30
1.0	121.0	1.0	1.0	1.0	1.0	1.0	1.0	1.0	1.0	1.0	1.0	1.0	1.0	1.0	1.0	1.0	1.0	1.0	1.0	1.0	1.0	1.0	1.0	1.0	1.0	1.0	1.0	1.0	1.0	1.0	1.0	1.0
2.0	161.0	1.0	1.0	1.0	1.0	1.0	1.0	1.0	1.0	1.0	1.0	1.0	1.0	1.0	1.0	1.0	1.0	1.0	1.0	1.0	1.0	1.0	1.0	1.0	1.0	1.0	1.0	1.0	1.0	1.0	1.0	1.0
3.0	228.0	1.0	1.0	1.0	1.0	1.0	1.0	1.0	1.0	1.0	1.0	1.0	1.0	1.0	1.0	1.0	1.0	1.0	1.0	1.0	1.0	1.0	1.0	1.0	1.0	1.0	1.0	1.0	1.0	1.0	1.0	1.0
4.0	269.0	1.0	1.0	1.0	1.0	1.0	1.0	1.0	1.0	1.0	1.0	1.0	1.0	1.0	1.0	1.0	1.0	1.0	1.0	1.0	1.0	1.0	1.0	1.0	1.0	1.0	1.0	1.0	1.0	1.0	1.0	1.0
5.0	333.0	1.0	1.0	1.0	1.0	1.0	1.0	1.0	1.0	1.0	1.0	1.0	1.0	1.0	1.0	1.0	1.0	1.0	1.0	1.0	1.0	1.0	1.0	1.0	1.0	1.0	1.0	1.0	1.0	1.0	1.0	1.0
6.0	404.0	1.0	1.0	1.0	1.0	1.0	1.0	1.0	1.0	1.0	1.0	1.0	1.0	1.0	1.0	1.0	1.0	1.0	1.0	1.0	1.0	1.0	1.0	1.0	1.0	1.0	1.0	1.0	1.0	1.0	1.0	1.0
7.0	472.0	1.0	1.0	1.0	1.0	1.0	1.0	1.0	1.0	1.0	1.0	1.0	1.0	1.0	1.0	1.0	1.0	1.0	1.0	1.0	1.0	1.0	1.0	1.0	1.0	1.0	1.0	1.0	1.0	1.0	1.0	1.0
8.0	540.0	1.0	1.0	1.0	1.0	1.0	1.0	1.0	1.0	1.0	1.0	1.0	1.0	1.0	1.0	1.0	1.0	1.0	1.0	1.0	1.0	1.0	1.0	1.0	1.0	1.0	1.0	1.0	1.0	1.0	1.0	1.0
9.0	608.0	1.0	1.0	1.0	1.0	1.0	1.0	1.0	1.0	1.0	1.0	1.0	1.0	1.0	1.0	1.0	1.0	1.0	1.0	1.0	1.0	1.0	1.0	1.0	1.0	1.0	1.0	1.0	1.0	1.0	1.0	1.0
10.0	680.0	1.0	1.0	1.0	1.0	1.0	1.0	1.0	1.0	1.0	1.0	1.0	1.0	1.0	1.0	1.0	1.0	1.0	1.0	1.0	1.0	1.0	1.0	1.0	1.0	1.0	1.0	1.0	1.0	1.0	1.0	1.0
11.0	740.0	1.0	1.0	1.0	1.0	1.0	1.0	1.0	1.0	1.0	1.0	1.0	1.0	1.0	1.0	1.0	1.0	1.0	1.0	1.0	1.0	1.0	1.0	1.0	1.0	1.0	1.0	1.0	1.0	1.0	1.0	1.0
12.0	812.0	1.0	1.0	1.0	1.0	1.0	1.0	1.0	1.0	1.0	1.0	1.0	1.0	1.0	1.0	1.0	1.0	1.0	1.0	1.0	1.0	1.0	1.0	1.0	1.0	1.0	1.0	1.0	1.0	1.0	1.0	1.0
13.0	892.0	1.0	1.0	1.0	1.0	1.0	1.0	1.0	1.0	1.0	1.0	1.0	1.0	1.0	1.0	1.0	1.0	1.0	1.0	1.0	1.0	1.0	1.0	1.0	1.0	1.0	1.0	1.0	1.0	1.0	1.0	1.0
14.0	950.0	1.0	1.0	1.0	1.0	1.0	1.0	1.0	1.0	1.0	1.0	1.0	1.0	1.0	1.0	1.0	1.0	1.0	1.0	1.0	1.0	1.0	1.0	1.0	1.0	1.0	1.0	1.0	1.0	1.0	1.0	1.0
15.0	1040.0	1.0	1.0	1.0	1.0	1.0	1.0	1.0	1.0	1.0	1.0	1.0	1.0	1.0	1.0	1.0	1.0	1.0	1.0	1.0	1.0	1.0	1.0	1.0	1.0	1.0	1.0	1.0	1.0	1.0	1.0	1.0
16.0	1104.0	1.0	1.0	1.0	1.0	1.0	1.0	1.0	1.0	1.0	1.0	1.0	1.0	1.0	1.0	1.0	1.0	1.0	1.0	1.0	1.0	1.0	1.0	1.0	1.0	1.0	1.0	1.0	1.0	1.0	1.0	1.0
17.0	1168.0	1.0	1.0	1.0	1.0	1.0	1.0	1.0	1.0	1.0	1.0	1.0	1.0	1.0	1.0	1.0	1.0	1.0	1.0	1.0	1.0	1.0	1.0	1.0	1.0	1.0	1.0	1.0	1.0	1.0	1.0	1.0
18.0	1256.0	1.0	1.0	1.0	1.0	1.0	1.0	1.0	1.0	1.0	1.0	1.0	1.0	1.0	1.0	1.0	1.0	1.0	1.0	1.0	1.0	1.0	1.0	1.0	1.0	1.0	1.0	1.0	1.0	1.0	1.0	1.0
19.0	1320.0	1.0	1.0	1.0	1.0	1.0	1.0	1.0	1.0	1.0	1.0	1.0	1.0	1.0	1.0	1.0	1.0	1.0	1.0	1.0	1.0	1.0	1.0	1.0	1.0	1.0	1.0	1.0	1.0	1.0	1.0	1.0
20.0	1404.0	1.0	1.0	1.0	1.0	1.0	1.0	1.0	1.0	1.0	1.0	1.0	1.0	1.0	1.0	1.0	1.0	1.0	1.0	1.0	1.0	1.0	1.0	1.0	1.0	1.0	1.0	1.0	1.0	1.0	1.0	1.0
21.0	1474.0	1.0	1.0	1.0	1.0	1.0	1.0	1.0	1.0	1.0	1.0	1.0	1.0	1.0	1.0	1.0	1.0	1.0	1.0	1.0	1.0	1.0	1.0	1.0	1.0	1.0	1.0	1.0	1.0	1.0	1.0	1.0
22.0	1532.0	1.0	1.0	1.0	1.0	1.0	1.0	1.0	1.0	1.0	1.0	1.0	1.0	1.0	1.0	1.0	1.0	1.0	1.0	1.0	1.0	1.0	1.0	1.0	1.0	1.0	1.0	1.0	1.0	1.0	1.0	1.0
23.0	1604.0	1.0	1.0	1.0	1.0	1.0	1.0	1.0	1.0	1.0	1.0	1.0	1.0	1.0	1.0	1.0	1.0	1.0	1.0	1.0	1.0	1.0	1.0	1.0	1.0	1.0	1.0	1.0	1.0	1.0	1.0	1.0
24.0	1656.0	1.0	1.0	1.0	1.0	1.0	1.0	1.0	1.0	1.0	1.0	1.0	1.0	1.0	1.0	1.0	1.0	1.0	1.0	1.0	1.0	1.0	1.0	1.0	1.0	1.0	1.0	1.0	1.0	1.0	1.0	1.0
25.0	1732.0	1.0	1.0	1.0	1.0	1.0	1.0	1.0	1.0	1.0	1.0	1.0	1.0	1.0	1.0	1.0	1.0	1.0	1.0	1.0	1.0	1.0	1.0	1.0	1.0	1.0	1.0	1.0	1.0	1.0	1.0	1.0
26.0	1818.0	1.0	1.0	1.0	1.0	1.0	1.0	1.0	1.0	1.0	1.0	1.0	1.0	1.0	1.0	1.0	1.0	1.0	1.0	1.0	1.0	1.0	1.0	1.0	1.0	1.0	1.0	1.0	1.0	1.0	1.0	1.0
27.0	1862.0	1.0	1.0	1.0	1.0	1.0	1.0	1.0	1.0	1.0	1.0	1.0	1.0	1.0	1.0	1.0	1.0	1.0	1.0	1.0	1.0	1.0	1.0	1.0	1.0	1.0	1.0	1.0	1.0	1.0	1.0	1.0
28.0	1924.0	1.0	1.0	1.0	1.0	1.0	1.0	1.0	1.0	1.0	1.0	1.0	1.0	1.0	1.0	1.0	1.0	1.0	1.0	1.0	1.0	1.0	1.0	1.0	1.0	1.0	1.0	1.0	1.0	1.0	1.0	1.0
29.0	2012.0	1.0	1.0	1.0	1.0	1.0	1.0	1.0	1.0	1.0	1.0	1.0	1.0	1.0	1.0	1.0	1.0	1.0	1.0	1.0	1.0	1.0	1.0	1.0	1.0	1.0	1.0	1.0	1.0	1.0	1.0	1.0
30.0	2084.0	1.0	1.0	1.0	1.0	1.0	1.0	1.0	1.0	1.0	1.0	1.0	1.0	1.0	1.0	1.0	1.0	1.0	1.0	1.0	1.0	1.0	1.0	1.0	1.0	1.0	1.0	1.0	1.0	1.0	1.0	1.0
31.0	2136.0	1.0	1.0	1.0	1.0	1.0	1.0	1.0	1.0	1.0	1.0	1.0	1.0	1.0	1.0	1.0	1.0	1.0	1.0	1.0	1.0	1.0	1.0	1.0	1.0	1.0	1.0	1.0	1.0	1.0	1.0	1.0
32.0	2234.0	1.0	1.0	1.0	1.0	1.0	1.0	1.0	1.0	1.0	1.0	1.0	1.0	1.0	1.0	1.0	1.0	1.0	1.0	1.0	1.0	1.0	1.0	1.0	1.0	1.0	1.0	1.0	1.0	1.0	1.0	1.0
33.0	2292.0	1.0	1.0	1.0	1.0	1.0	1.0	1.0	1.0	1.0	1.0	1.0	1.0	1.0	1.0	1.0	1.0	1.0	1.0	1.0	1.0	1.0	1.0	1.0	1.0	1.0	1.0	1.0	1.0	1.0	1.0	1.0
34.0	2364.0	1.0	1.0	1.0	1.0	1.0	1.0	1.0	1.0	1.0	1.0	1.0	1.0	1.0	1.0	1.0	1.0	1.0	1.0	1.0	1.0	1.0	1.0	1.0	1.0	1.0	1.0	1.0	1.0	1.0	1.0	1.0
35.0	2452.0	1.0	1.0	1.0	1.0	1.0	1.0	1.0	1.0	1.0	1.0	1.0	1.0	1.0	1.0	1.0	1.0	1.0	1.0	1.0	1.0	1.0	1.0	1.0	1.0	1.0	1.0	1.0	1.0	1.0	1.0	1.0
36.0	2494.0	1.0	1.0	1.0	1.0	1.0	1.0	1.0	1.0	1.0	1.0	1.0	1.0	1.0	1.0	1.0	1.0	1.0	1.0	1.0	1.0	1.0	1.0	1.0	1.0	1.0	1.0	1.0	1.0	1.0	1.0	1.0
37.0	2570.0	1.0	1.0	1.0	1.0	1.0	1.0	1.0	1.0	1.0	1.0	1.0	1.0	1.0	1.0	1.0	1.0	1.0	1.0	1.0	1.0	1.0	1.0	1.0	1.0	1.0	1.0	1.0	1.0	1.0	1.0	1.0
38.0	2616.0	1.0	1.0	1.0	1.0	1.0	1.0	1.0	1.0	1.0	1.0	1.0	1.0	1.0	1.0	1.0	1.0	1.0	1.0	1.0	1.0	1.0	1.0	1.0	1.0	1.0	1.0	1.0	1.0	1.0	1.0	1.0
39.0	2682.0	1.0	1.0	1.0	1.0	1.0	1.0	1.0	1.0	1.0	1.0	1.0	1.0	1.0	1.0	1.0	1.0	1.0	1.0	1.0	1.0	1.0	1.0	1.0	1.0	1.0	1.0	1.0	1.0	1.0	1.0	1.0
40.0	2770.0	1.0	1.0	1.0	1.0	1.0	1.0	1.0	1.0	1.0	1.0	1.0	1.0	1.0	1.0	1.0	1.0	1.0	1.0	1.0	1.0	1.0	1.0	1.0	1.0	1.0	1.0	1.0	1.0	1.0	1.0	1.0
41.0	2844.0	1.0	1.0	1.0	1.0	1.0	1.0	1.0	1.0	1.0	1.0	1.0	1.0	1.0	1.0	1.0	1.0	1.0	1.0	1.0	1.0	1.0	1.0	1.0	1.0	1.0	1.0	1.0	1.0	1.0	1.0	1.0
42.0	2914.0	1.0	1.0	1.0	1.0	1.0	1.0	1.0	1.0	1.0	1.0	1.0	1.0	1.0	1.0	1.0	1.0	1.0	1.0	1.0	1.0	1.0	1.0	1.0	1.0	1.0	1.0	1.0	1.0	1.0	1.0	1.0
43.0	2980.0	1.0	1.0	1.0	1.0	1.0	1.0	1.0	1.0	1.0	1.0	1.0	1.0	1.0	1.0	1.0	1.0	1.0	1.0	1.0	1.0	1.0	1.0	1.0	1.0	1.0	1.0	1.0	1.0	1.0	1.0	1.0
44.0	3024.0	1.0	1.0	1.0	1.0	1.0	1.0	1.0	1.0	1.0	1.0	1.0	1.0	1.0	1.0	1.0	1.0	1.0	1.0	1.0	1.0	1.0	1.0	1.0	1.0	1.0	1.0	1.0	1.0	1.0	1.0	1.0
45.0	3094.0	1.0	1.0	1.0	1.0	1.0	1.0	1.0	1.0	1.0	1.0	1.0	1.0	1.0	1.0	1.0	1.0	1.0	1.0	1.0	1.0	1.0	1.0	1.0	1.0	1.0	1.0	1.0	1.0	1.0	1.0	1.0
46.0	3194.0	1.0	1.0	1.0	1.0	1.0	1.0	1.0	1.0	1.0	1.0	1.0	1.0	1.0	1.0	1.0	1.0	1.0	1.0	1.0	1.0	1.0	1.0	1.0	1.0	1.0	1.0	1.0	1.0	1.0	1.0	1.0
47.0	3268.0	1.0	1.0	1.0	1.0	1.0	1.0	1.0	1.0	1.0	1.0	1.0	1.0	1.0	1.0	1.0	1.0	1.0	1.0	1.0	1.0	1.0	1.0	1.0	1.0	1.0	1.0	1.0	1.0	1.0	1.0	1.0
48.0	3333.0	1.0	1.0	1.0	1.0	1.0	1.0	1.0	1.0	1.0	1.0	1.0	1.0	1.0	1.0	1.0	1.0	1.0	1.0	1.0	1.0	1.0	1.0	1.0	1.0	1.0	1.0	1.0	1.0	1.0	1.0	1.0
49.0	3384.0	1.0	1.0	1.0	1.0	1.0	1.0	1.0	1.0	1.0	1.0	1.0	1.0	1.0	1.0	1.0	1.0	1.0	1.0	1.0	1.0	1.0	1.0	1.0	1.0	1.0	1.0	1.0	1.0	1.0	1.0	1.0
50.0	3444.0	1.0	1.0	1.0	1.0	1.0	1.0	1.0	1.0	1.0	1.0	1.0	1.0	1.0	1.0	1.0	1.0	1.0	1.0	1.0	1.0	1.0	1.0	1.0	1.0	1.0	1.0	1.0	1.0	1.0	1.0	1.0
51.0	3514.0	1.0	1.0	1.0	1.0	1.0	1.0	1.0	1.0	1.0	1.0	1.0	1.0	1.0	1.0	1.0	1.0	1.0	1.0	1.0	1.0	1.0	1.0	1.0	1.0	1.0	1.0	1.0	1.0	1.0	1.0	1.0
52.0	3596.0	1.0	1.0	1.0	1.0	1.0	1.0	1.0	1.0	1.0	1.0	1.0	1.0	1.0	1.0	1.0	1.0	1.0	1.0	1.0	1.0	1.0	1.0	1.0	1.0	1.0	1.0	1.0	1.0	1.0	1.0	1.0
53.0	3666.0	1.0	1.0	1.0	1.0	1.0	1.0	1.0	1.0	1.0	1.0	1.0	1.0	1.0	1.0	1.0	1.0	1.0	1.0	1.0	1.0	1.0	1.0	1.0	1.0	1.0	1.0	1.0	1.0	1.0	1.0	1.0
54.0	3720.0	1.0	1.0	1.0	1.0	1.0	1.0	1.0	1.0	1.0	1.0	1.0	1.0	1.0	1.0	1.0	1.0	1.0	1.0	1.0	1.0	1.0	1.0	1.0	1.0	1.0	1.0	1.0	1.0	1.0	1.0	1.0
55.0	3798.0	1.0	1.0	1.0	1.0	1.0	1.0	1.0	1.0	1.0	1.0	1.0	1.0	1.0	1.0	1.0	1.0	1.0	1.0	1.0	1.0	1.0	1.0	1.0	1.0	1.0	1.0	1.0	1.0	1.0	1.0	1.0
56.0	3872.0	1.0	1.0	1.0	1.0	1.0	1.0	1.0	1.0	1.0	1.0	1.0	1.0	1.0	1.0	1.0	1.0	1.0	1.0	1.0	1.0	1.0	1.0	1.0	1.0	1.0	1.0	1.0	1.0	1.0	1.0	1.0
57.0	3950.0	1.0	1.0	1.0	1.0	1.0	1.0	1.0	1.0	1.0	1.0	1.0	1.0	1.0	1.0	1.0	1.0	1.0	1.0	1.0	1.0	1.0	1.0	1.0	1.0	1.0	1.0	1.0	1.0	1.0	1.0	1.0
58.0	3990.0	1.0	1.0	1.0	1.0	1.0	1.0	1.0	1.0	1.0	1.0	1.0	1.0	1.0	1.0	1.0	1.0	1.0	1.0	1.0	1.0	1.0	1.0	1.0	1.0	1.0	1.0	1.0	1.0	1.0	1.0	1.0
59.0	4064.0	1.0	1.0	1.0	1.0	1.0	1.0	1.0	1.0	1.0	1.0	1.0	1.0	1.0	1.0	1.0	1.0	1.0	1.0	1.0	1.0	1.0	1.0	1.0	1.0	1.0	1.0	1.0	1.0	1.0	1.0	1.0
60.0	4140.0	1.0	1.0	1.0	1.0	1.0	1.0	1.0	1.0	1.0	1.0	1.0	1.0	1.0	1.0	1.0	1.0	1.0	1.0	1.0	1.0	1.0	1.0	1.0	1.0	1.0	1.0	1.0	1.0	1.0	1.0	1.0
61.0	4218.0	1.0	1.0	1.0	1.0	1.0	1.0	1.0	1.0	1.0	1.0	1.0	1.0	1.0	1.0	1.0	1.0	1.0	1.0	1.0	1.0	1.0	1.0	1.0	1.0	1.0	1.0	1.0	1.0	1.0	1.0	1.0
62.0	4278.0	1.0	1.0	1.0	1.0	1.0	1.0	1.0	1.0	1.0	1.0	1.0	1.0	1.0	1.0	1.0	1.0	1.0	1.0	1.0	1.0	1.0	1.0	1.0	1.0	1.0	1.0	1.0	1.0	1.0	1.0	1.0
63.0	4374.0	1.0	1.0	1.0	1.0	1.0	1.0	1.0	1.0	1.0	1.0	1.0	1.0	1.0	1.0	1.0	1.0	1.0	1.0	1.0	1.0	1.0	1.0	1.0	1.0	1.0	1.0	1.0	1.0	1.0	1.0	1.0
64.0	4430.0	1.0	1.0	1.0	1.0	1.0	1.0	1.0	1.0	1.0	1.0	1.0	1.0	1.0	1.0	1.0	1.0	1.0	1.0	1.0	1.0	1.0	1.0	1.0	1.0	1.0	1.0	1.0	1.0	1.0	1.0	1.0
65.0	4489.0	1.0	1.0	1.0	1.0	1.0	1.0	1.0	1.0	1.0	1.0	1.0	1.0	1.0	1.0	1.0	1.0	1.0	1.0	1.0	1.0	1.0	1.0	1.0	1.0	1.0	1.0	1.0	1.0	1.0	1.0	1.0
66.0	4542.0	1.0	1.0	1.0	1.0	1.0	1.0	1.0	1.0	1.0	1.0	1.0	1.0	1.0	1.0	1.0	1.0	1.0	1.0	1.0	1.0	1.0	1.0	1.0	1.0	1.0	1.0	1.0	1.0	1.0	1.0	1.0
67.0	4600.0	1.0	1.0	1.0	1.0	1.0	1.0	1.0	1.0	1.0	1.0	1.0	1.0	1.0	1.0	1.0	1.0	1.0	1.0	1.0	1.0	1.0	1.0	1.0	1.0	1.0	1.0	1.0	1.0	1.0	1.0	1.0
68.0	4710.0	1.0	1.0	1.0	1.0	1.0	1.0	1.0	1.0	1.0	1.0	1.0	1.0	1.0	1.0	1.0	1.0	1.0	1.0	1.0	1.0	1.0	1.0	1.0	1.0	1.0	1.0	1.0	1.0	1.0	1.0	1.0
69.0	4784.0	1.0	1.0	1.0	1.0	1.0	1.0	1.0	1.0	1.0	1.0	1.0	1.0	1.0	1.0	1.0	1.0	1.0	1.0	1.0	1.0	1.0	1.0	1.0	1.0	1.0	1.0	1.0	1.0	1.0	1.0	1.0
70.0	4822.0	1.0	1.0	1.0	1.0	1.0	1.0	1.0	1.0	1.0	1.0	1.0	1.0	1.0	1.0	1.0	1.0	1.0	1.0	1.0	1.0	1.0	1.0	1.0	1.0	1.0	1.0	1.0	1.0	1.0	1.0	1.0
71.0	4868.0	1.0	1.0	1.0	1.0	1.0	1.0	1.0	1.0	1.0	1.0	1.0	1.0	1.0	1.0	1.0	1.0	1.0	1.0	1.0	1.0	1.0	1.0	1.0	1.0	1.0	1.0	1.0	1.0	1.0	1.0	1.0
72.0	4970.0	1.0	1.0	1.0	1.0	1.0	1.0	1.0	1.0	1.0	1.0	1.0	1.0	1.0	1.0	1.0	1.0	1.0	1.0	1.0	1.0	1.0	1.0	1.0	1.0	1.0	1.0	1.0	1.0	1.0	1.0	1.0
73.0	5026.0	1.0	1.0	1.0	1.0	1.0	1.0	1.0	1.0	1.0	1.0	1.0	1.0	1.0	1.0	1.0	1.0	1.0	1.0	1.0	1.0	1.0	1.0	1.0	1.0	1.0	1.0	1.0	1.0	1.0	1.0	1.0
74.0	5132.0	1.0	1.0	1.0	1.0	1.0	1.0	1.0	1.0	1.0	1.0	1.0	1.0	1.0	1.0	1.0	1.0	1.0	1.0	1.0	1.0	1.0	1.0	1.0	1.0	1.0	1.0	1.0	1.0	1.0	1.0	1.0
75.0	5172.0	1.0	1.0	1.0	1.0	1.0	1.0	1.0	1.0	1.0	1.0	1.0	1.0	1.0	1.0	1.0	1.0	1.0	1.0	1.0	1.0	1.0	1.0	1.0	1.0	1.0	1.0	1.0	1.0	1.0	1.0	1.0
76.0	5208.0	1.0	1.0	1.0	1.0	1.0	1.0	1.0	1.0	1.0	1.0	1.0	1.0	1.0	1.0	1.0	1.0	1.0	1.0	1.0	1.0	1.0	1.0	1.0	1.0	1.0	1.0	1.0	1.0	1.0	1.0	1.0
77.0	5330.0	1.0	1.0	1.0	1.0	1.0	1.0	1.0	1.0	1.0	1.0	1.0	1.0	1.0	1.0	1.0	1.0	1.0	1.0	1.0	1.0	1.0	1.0	1.0	1.0	1.0	1.0	1.0	1.0	1.0	1.0	1.0
78.0	5396.0	1.0	1.0	1.0	1.0	1.0	1.0	1.0	1.0	1.0	1.0	1.0	1.0	1.0	1.0	1.0	1.0	1.0	1.0	1.0	1.0	1.0	1.0	1.0	1.0	1.0	1.0	1.0	1.0	1.0	1.0	1.0
79.0	5470.0	1.0	1.0	1.0	1.0	1.0	1.0	1.0	1.0	1.0	1.0	1.0	1.0	1.0	1.0	1.0	1.0	1.0	1.0	1.0	1.0	1.0	1.0	1.0	1.0	1.0	1.0	1.0	1.0	1.0	1.0	1.0
80.0	5520.0	0.998913	0.998913	0.998913	0.998913	0.998913	1.0	0.999275	0.999275	0.999637	0.999637	1.0	0.999818	1.0	0.999637	1.0	0.999637	0.999637	0.999637	0.999637	0.999456	0.999456	0.999456	0.999818	0.999456	0.999456	0.999275	0.999637	1.0	1.0	1.0	1.0
81.0	5618.0	0.996796	0.996796	0.996796	0.996796	0.996796	0.999288	0.998042	0.997864	0.998220	0.998398	0.999288	0.998932	0.998932	0.998398	0.998576	0.998220	0.998576	0.999466	0.998754	0.998576	0.998754	0.998042	0.998398	0.998220	0.998220	0.997686	0.999110	0.999466	1.0	1.0	1.0
82.0	5684.0	0.989971	0.989971	0.989971	0.989971	0.989971	0.996129	0.994546	0.993138	0.993666	0.993314	0.995425	0.994370	0.995601	0.994897	0.994370	0.994722	0.994897	0.997009	0.994370	0.994722	0.995953	0.994722	0.995249	0.994018	0.993666	0.994897	0.995953	0.998064	0.999824	1.0	0.999824
83.0	5716.0	0.980230	0.980230	0.980230	0.980230	0.980230	0.989328	0.988453	0.987053	0.987753	0.986878	0.988978	0.988278	0.989678	0.989153	0.988453	0.988803	0.988803	0.992827	0.988453	0.988278	0.990202	0.989853	0.990202	0.988978	0.988803	0.991427	0.991077	0.994576	0.998950	0.999825	0.998775
84.0	5790.0	0.969775	0.969775	0.969775	0.969775	0.969775	0.981865	0.980656	0.980656	0.981001	0.979447	0.982728	0.981174	0.983074	0.982901	0.982210	0.983074	0.982556	0.988255	0.981519	0.981519	0.983246	0.984628	0.983765	0.983937	0.983937	0.985664	0.986183	0.991882	0.998100	0.999136	0.998272
85.0	5878.0	0.958149	0.958149	0.958149	0.958149	0.958149	0.972269	0.973290	0.974481	0.973290	0.971078	0.976352	0.975331	0.976862	0.976692	0.974991	0.977203	0.975331	0.981966	0.975501	0.975842	0.976692	0.977713	0.977713	0.976522	0.978394	0.982306	0.981796	0.988601	0.996767	0.998809	0.997618
86.0	5956.0	0.944089	0.944089	0.944089	0.944089	0.944089	0.959368	0.963230	0.964909	0.963901	0.960543	0.965413	0.965580	0.968603	0.967931	0.966924	0.969610	0.967931	0.973304	0.967595	0.966924	0.967595	0.968770	0.967931	0.968603	0.970282	0.977837	0.975990	0.982370	0.993787	0.997145	0.996306
87.0	6010.0	0.926788	0.926788	0.926788	0.926788	0.926788	0.944425	0.951414	0.952079	0.952412	0.948252	0.954409	0.954409	0.960066	0.959400	0.958569	0.959400	0.958402	0.964226	0.959068	0.956073	0.957570	0.956572	0.957071	0.958901	0.963227	0.973377	0.969550	0.976539	0.988352	0.993843	0.992845
88.0	6072.0	0.906620	0.906620	0.906620	0.906620	0.906620	0.927371	0.939393	0.936923	0.937252	0.932971	0.940217	0.940217	0.947793	0.946805	0.948287	0.948287	0.945158	0.955204	0.949604	0.945158	0.946146	0.943840	0.945487	0.946310	0.951910	0.964920	0.960474	0.968379	0.982872	0.989459	0.989295
89.0	6148.0	0.882238	0.882238	0.882238	0.882238	0.882238	0.909401	0.925829	0.919648	0.919160	0.914769	0.922576	0.924365	0.935263	0.931685	0.934775	0.935751	0.929895	0.942420	0.937703	0.932661	0.933311	0.929407	0.933148	0.932173	0.936890	0.954456	0.949577	0.958523	0.973975	0.984059	0.983734
90.0	6176.0	0.857998	0.857998	0.857998	0.857998	0.857998	0.890382	0.909488	0.902687	0.902202	0.897992	0.906411	0.907221	0.920336	0.916288	0.921794	0.921632	0.914507	0.929404	0.923737	0.919203	0.918555	0.916612	0.921470	0.917584	0.923898	0.941386	0.939119	0.948024	0.966321	0.977493	0.976036
91.0	6310.0	0.831378	0.831378	0.831378	0.831378	0.831378	0.866561	0.892076	0.883676	0.881141	0.879397	0.887004	0.887163	0.903803	0.900158	0.908082	0.904595	0.898256	0.915530	0.909508	0.902535	0.903645	0.903328	0.909033	0.906022	0.911093	0.926465	0.928367	0.935657	0.956101	0.969255	0.965927
92.0	6312.0	0.802281	0.802281	0.802281	0.802281	0.802281	0.839987	0.873415	0.863434	0.860899	0.858206	0.866444	0.866286	0.886089	0.885456	0.893219	0.890525	0.882921	0.900190	0.896387	0.887515	0.890525	0.888624	0.894645	0.893219	0.898447	0.913022	0.913339	0.920152	0.945659	0.960234	0.953580
93.0	6420.0	0.772274	0.772274	0.772274	0.772274	0.772274	0.810747	0.850623	0.841433	0.839563	0.838317	0.845015	0.845327	0.867757	0.868380	0.878504	0.875389	0.869470	0.885358	0.883021	0.874922	0.876323	0.872741	0.881931	0.883956	0.888785	0.899844	0.897663	0.901401	0.933021	0.946261	0.941277
94.0	6506.0	0.736550	0.736550	0.736550	0.736550	0.736550	0.779280	0.825084	0.815401	0.810636	0.814325	0.820166	0.819397	0.846756	0.847064	0.861051	0.858438	0.850906	0.872425	0.869351	0.862127	0.863049	0.853980	0.865662	0.869812	0.874577	0.882877	0.879956	0.881647	0.915462	0.930218	0.924223
95.0	6560.0	0.695731	0.695731	0.695731	0.695731	0.695731	0.743445	0.796341	0.785823	0.778506	0.785670	0.793140	0.790853	0.824237	0.819512	0.840548	0.834908	0.832926	0.856097	0.853353	0.848170	0.846646	0.836585	0.847713	0.851524	0.856707	0.864786	0.860670	0.861280	0.893292	0.910823	0.904115
96.0	6627.0	0.653085	0.653085	0.653085	0.653085	0.653085	0.704994	0.762788	0.751773	0.747095	0.755545	0.763543	0.762637	0.796137	0.791006	0.816508	0.812735	0.814395	0.842160	0.835521	0.831899	0.829938	0.820431	0.828127	0.834314	0.836879	0.845631	0.839746	0.836879	0.868718	0.888184	0.882450
97.0	6662.0	0.604623	0.604623	0.604623	0.604623	0.604623	0.663314	0.727108	0.715250	0.709846	0.721855	0.731011	0.731612	0.765836	0.761933	0.787000	0.784449	0.787000	0.822575	0.816421	0.812969	0.808916	0.801861	0.807865	0.814770	0.813269	0.821074	0.813869	0.810267	0.841939	0.864305	0.856649
98.0	6736.0	0.559976	0.559976	0.559976	0.559976	0.559976	0.622179	0.692250	0.680522	0.673842	0.688093	0.700118	0.702790	0.735451	0.731146	0.759798	0.760837	0.763361	0.803592	0.798545	0.792755	0.789934	0.785184	0.786965	0.796912	0.789934	0.794388	0.789637	0.782214	0.815172	0.838331	0.831205
99.0	6818.0	0.511000	0.511000	0.511000	0.511000	0.511000	0.573921	0.647550	0.640657	0.632150	0.654884	0.665884	0.669991	0.702405	0.699471	0.729832	0.728366	0.737753	0.779994	0.777940	0.771047	0.770020	0.769140	0.765180	0.779114	0.765033	0.770753	0.761220	0.753740	0.790261	0.807568	0.802581
100.0	6892.0	0.465612	0.465612	0.465612	0.465612	0.465612	0.527132	0.606935	0.600986	0.595037	0.622751	0.632907	0.637840	0.671358	0.672663	0.700232	0.698491	0.713580	0.759721	0.754643	0.751160	0.752176	0.751305	0.745502	0.758125	0.746807	0.744921	0.733313	0.725478	0.765670	0.777132	0.772780
101.0	6954.0	0.416882	0.416882	0.416882	0.416882	0.416882	0.477135	0.563416	0.559246	0.553781	0.585706	0.595772	0.604400	0.636468	0.642076	0.666522	0.664365	0.688380	0.735979	0.728932	0.729795	0.737129	0.729939	0.720304	0.734253	0.723180	0.720736	0.704918	0.696002	0.737704	0.746189	0.745470
102.0	7066.0	0.364987	0.364987	0.364987	0.364987	0.364987	0.428530	0.516133	0.514576	0.512029	0.543447	0.555901	0.570478	0.602745	0.608831	0.629210	0.630625	0.658363	0.709453	0.703509	0.707472	0.716529	0.703651	0.691621	0.709595	0.700679	0.695018	0.676620	0.666855	0.704500	0.713133	0.713133
103.0	7160.0	0.315083	0.315083	0.315083	0.315083	0.315083	0.381284	0.468715	0.468715	0.470251	0.501396	0.516201	0.534636	0.567877	0.573184	0.596648	0.595111	0.628072	0.683379	0.674860	0.680586	0.691620	0.675698	0.668016	0.685474	0.674860	0.668715	0.647905	0.642458	0.670949	0.677094	0.680167
104.0	7174.0	0.264287	0.264287	0.264287	0.264287	0.264287	0.332311	0.421103	0.423473	0.423891	0.458321	0.478672	0.499860	0.532060	0.536102	0.559659	0.559102	0.594786	0.658628	0.645525	0.652355	0.668664	0.653470	0.642737	0.659185	0.644967	0.643155	0.624895	0.618204	0.634513	0.639392	0.647477
105.0	7260.0	0.218870	0.218870	0.218870	0.218870	0.218870	0.285950	0.370523	0.378236	0.385950	0.415151	0.440220	0.469008	0.500413	0.501515	0.525895	0.526308	0.568870	0.630853	0.620247	0.625895	0.645867	0.632231	0.620110	0.632644	0.615977	0.613636	0.600413	0.595867	0.601377	0.603443	0.619008
106.0	7276.0	0.176882	0.176882	0.176882	0.176882	0.176882	0.241753	0.324903	0.333562	0.348818	0.376030	0.400907	0.438427	0.468526	0.474299	0.492578	0.496976	0.536970	0.602391	0.595656	0.600742	0.619983	0.609813	0.594557	0.609400	0.589884	0.585623	0.578064	0.575590	0.570780	0.575316	0.589884
107.0	7400.0	0.144189	0.144189	0.144189	0.144189	0.144189	0.206351	0.284459	0.297837	0.317972	0.342297	0.365	0.411891	0.447567	0.451351	0.467702	0.473783	0.512027	0.577567	0.574324	0.580405	0.600945	0.590405	0.576891	0.592297	0.570945	0.562972	0.559459	0.559324	0.552432	0.552027	0.566351
108.0	7496.0	0.114727	0.114727	0.114727	0.114727	0.114727	0.171157	0.243196	0.263073	0.286819	0.311632	0.332977	0.383671	0.425560	0.428228	0.447705	0.451974	0.492529	0.553495	0.550426	0.560032	0.582310	0.576173	0.560565	0.573639	0.552294	0.545090	0.545624	0.542556	0.535352	0.527748	0.548559
109.0	7472.0	0.086456	0.086456	0.086456	0.086456	0.086456	0.139052	0.207039	0.229523	0.258297	0.282655	0.302462	0.355058	0.407655	0.408458	0.429470	0.428667	0.473634	0.536402	0.528640	0.544031	0.564239	0.561563	0.550321	0.559555	0.535198	0.529710	0.529041	0.530246	0.520744	0.503479	0.532387
110.0	7572.0	0.062995	0.062995	0.062995	0.062995	0.062995	0.111859	0.174458	0.200475	0.236397	0.252509	0.275488	0.329239	0.390781	0.391706	0.413761	0.415478	0.459323	0.523243	0.512414	0.530110	0.552033	0.544902	0.540412	0.543185	0.521658	0.512678	0.519677	0.517564	0.505150	0.485868	0.512942
111.0	7652.0	0.042733	0.042733	0.042733	0.042733	0.042733	0.088473	0.145190	0.175378	0.213669	0.225169	0.252221	0.306325	0.371275	0.372451	0.397151	0.399634	0.446549	0.509017	0.5	0.518687	0.537375	0.531887	0.528227	0.529273	0.506142	0.494641	0.512284	0.508363	0.488891	0.475431	0.499607
112.0	7714.0	0.025149	0.025149	0.025149	0.025149	0.025149	0.066243	0.118615	0.153357	0.193155	0.199507	0.229712	0.283899	0.357402	0.354290	0.380217	0.386051	0.434404	0.497407	0.492092	0.509204	0.521908	0.517241	0.522556	0.521519	0.493388	0.473036	0.505574	0.501425	0.477313	0.470184	0.492740
113.0	7831.0	0.014685	0.014685	0.014685	0.014685	0.014685	0.049163	0.096539	0.132039	0.174818	0.182607	0.212233	0.265355	0.341846	0.338781	0.367641	0.377984	0.426893	0.488826	0.485761	0.503511	0.511045	0.509258	0.518452	0.512195	0.480398	0.457795	0.497509	0.497126	0.473502	0.463542	0.490486
114.0	7846.0	0.006117	0.006117	0.006117	0.006117	0.006117	0.035432	0.078256	0.116492	0.160209	0.165816	0.195131	0.247897	0.329084	0.330231	0.353301	0.367320	0.418174	0.485470	0.484068	0.498598	0.508411	0.505607	0.515549	0.503568	0.467499	0.447234	0.490186	0.492862	0.472087	0.458705	0.487382
115.0	7966.0	0.002259	0.002259	0.002259	0.002259	0.002259	0.026487	0.063896	0.103314	0.148506	0.151518	0.175621	0.232362	0.319357	0.325885	0.347225	0.357770	0.415013	0.480291	0.486693	0.492467	0.502887	0.501631	0.514938	0.497614	0.463720	0.442505	0.479663	0.491087	0.478533	0.460080	0.486065
116.0	8020.0	0.001122	0.001122	0.001122	0.001122	0.001122	0.020199	0.055486	0.093142	0.135785	0.140773	0.161097	0.218578	0.311970	0.319326	0.339401	0.349501	0.409975	0.475311	0.484538	0.489276	0.498379	0.501246	0.514339	0.496633	0.462593	0.442144	0.475311	0.491147	0.486284	0.462718	0.483665
117.0	8076.0	0.000619	0.000619	0.000619	0.000619	0.000619	0.016344	0.047300	0.086800	0.124938	0.129519	0.148588	0.204556	0.306958	0.316121	0.331228	0.341629	0.408494	0.473377	0.484026	0.487989	0.499257	0.498514	0.518573	0.495170	0.459138	0.440688	0.471644	0.484769	0.489351	0.461614	0.482417
118.0	8150.0	0.0	0.0	0.0	0.0	0.0	0.013128	0.042453	0.079141	0.112392	0.118773	0.139386	0.189079	0.295705	0.308834	0.320736	0.330674	0.401963	0.471901	0.481472	0.484785	0.499141	0.499754	0.519631	0.490184	0.457668	0.433128	0.466134	0.480736	0.485398	0.462944	0.477791
119.0	8234.0	0.0	0.0	0.0	0.0	0.0	0.010444	0.036798	0.071775	0.101287	0.105902	0.128977	0.172820	0.286009	0.300097	0.310177	0.321471	0.395797	0.472188	0.479111	0.485669	0.498421	0.492470	0.520038	0.486397	0.458343	0.426038	0.458707	0.473888	0.480446	0.463808	0.473645
120.0	8324.0	0.0	0.0	0.0	0.0	0.0	0.009130	0.031715	0.065713	0.091061	0.096708	0.117731	0.161701	0.273306	0.289884	0.295651	0.313310	0.388875	0.469125	0.478616	0.483421	0.498798	0.486785	0.516098	0.477534	0.450985	0.419509	0.449783	0.465160	0.473089	0.466242	0.466602
121.0	8334.0	0.0	0.0	0.0	0.0	0.0	0.008279	0.027477	0.059035	0.080993	0.089272	0.106551	0.150227	0.263858	0.281377	0.284977	0.303935	0.378929	0.461003	0.471442	0.478401	0.488960	0.483201	0.509239	0.471922	0.448284	0.416486	0.440364	0.463282	0.467962	0.468202	0.464602
122.0	8412.0	0.0	0.0	0.0	0.0	0.0	0.007489	0.023418	0.053495	0.071564	0.080955	0.095339	0.140632	0.253922	0.272467	0.277817	0.294341	0.370304	0.452567	0.464336	0.469091	0.483475	0.479553	0.506894	0.468259	0.448050	0.420233	0.433190	0.456728	0.463980	0.466238	0.464693
123.0	8416.0	0.0	0.0	0.0	0.0	0.0	0.007010	0.020199	0.047647	0.063807	0.073669	0.086383	0.132010	0.242870	0.264852	0.273170	0.287191	0.362048	0.448312	0.457937	0.461383	0.480038	0.478018	0.500831	0.463759	0.446055	0.425855	0.429063	0.452471	0.461501	0.457937	0.456511
124.0	8584.0	0.0	0.0	0.0	0.0	0.0	0.006407	0.016542	0.042637	0.054403	0.064072	0.076304	0.121505	0.233574	0.258853	0.266658	0.277027	0.350768	0.438257	0.451188	0.456197	0.477749	0.476700	0.496272	0.462604	0.442567	0.431849	0.426258	0.449673	0.457479	0.456663	0.451654
125.0	8636.0	0.0	0.0	0.0	0.0	0.0	0.005442	0.013663	0.038327	0.045044	0.055581	0.066234	0.110699	0.226377	0.248726	0.258916	0.266674	0.340551	0.426354	0.442218	0.453103	0.469893	0.475567	0.492241	0.458314	0.444071	0.435039	0.431681	0.447313	0.452871	0.457966	0.447197
126.0	8662.0	0.0	0.0	0.0	0.0	0.0	0.004386	0.011544	0.033595	0.038328	0.047910	0.061186	0.101939	0.216693	0.239205	0.249249	0.258716	0.325906	0.416185	0.431424	0.448857	0.461902	0.469637	0.482798	0.452205	0.441006	0.432809	0.433156	0.442507	0.449780	0.457053	0.442045
127.0	8736.0	0.0	0.0	0.0	0.0	0.0	0.003319	0.009043	0.029990	0.032509	0.040293	0.056433	0.092605	0.206616	0.232142	0.240842	0.249427	0.313415	0.408768	0.423649	0.440132	0.454670	0.460737	0.476762	0.443223	0.437385	0.430059	0.436698	0.439331	0.443108	0.450892	0.440018
128.0	8792.0	0.0	0.0	0.0	0.0	0.0	0.001819	0.006938	0.025136	0.027525	0.033780	0.051524	0.086328	0.196769	0.222361	0.234417	0.240673	0.299818	0.396951	0.412420	0.432438	0.448134	0.458939	0.472702	0.434940	0.434485	0.426979	0.434030	0.440855	0.441992	0.451205	0.440400
129.0	8896.0	0.0	0.0	0.0	0.0	0.0	0.000899	0.004946	0.021245	0.023044	0.028889	0.046200	0.079811	0.184914	0.213129	0.228642	0.235049	0.290692	0.384667	0.402990	0.427945	0.436488	0.448965	0.467738	0.426821	0.430530	0.425472	0.436151	0.438736	0.440085	0.450089	0.445031
130.0	8950.0	0.0	0.0	0.0	0.0	0.0	0.000446	0.003798	0.018435	0.019329	0.024022	0.039776	0.076424	0.172960	0.204469	0.218882	0.225027	0.279888	0.369273	0.395977	0.420893	0.425921	0.439776	0.459217	0.419329	0.431061	0.424469	0.437094	0.439776	0.439664	0.444022	0.443351
131.0	9024.0	0.0	0.0	0.0	0.0	0.0	0.0	0.002881	0.015514	0.015957	0.019281	0.034131	0.071919	0.163674	0.194703	0.210992	0.219858	0.271054	0.360483	0.388408	0.416112	0.417220	0.432845	0.454565	0.414007	0.432956	0.424534	0.439273	0.440492	0.443151	0.443484	0.445921
132.0	9098.0	0.0	0.0	0.0	0.0	0.0	0.0	0.002198	0.013629	0.012640	0.013849	0.028907	0.066717	0.152231	0.183007	0.200483	0.212903	0.259837	0.350956	0.381292	0.410200	0.406902	0.427456	0.450428	0.409980	0.433062	0.422070	0.443833	0.441525	0.442624	0.441525	0.446911
133.0	9194.0	0.0	0.0	0.0	0.0	0.0	0.0	0.001631	0.011964	0.010006	0.009680	0.024690	0.061561	0.142810	0.174570	0.190341	0.205786	0.248531	0.340983	0.376223	0.406351	0.399173	0.419839	0.446160	0.408092	0.431368	0.423754	0.444746	0.444529	0.447356	0.438546	0.447683
134.0	9282.0	0.0	0.0	0.0	0.0	0.0	0.0	0.001077	0.010450	0.008187	0.005817	0.020577	0.055914	0.132730	0.163219	0.177440	0.198771	0.239926	0.330101	0.369532	0.405516	0.388278	0.413380	0.442146	0.406054	0.432773	0.425878	0.444839	0.443331	0.449148	0.436867	0.449256
135.0	9304.0	0.0	0.0	0.0	0.0	0.0	0.0	0.000537	0.009350	0.006878	0.003976	0.016874	0.053095	0.123817	0.153374	0.166487	0.192175	0.232480	0.322119	0.362317	0.396496	0.374785	0.406921	0.437016	0.397463	0.429922	0.420786	0.445614	0.439165	0.446152	0.436371	0.449161
136.0	9390.0	0.0	0.0	0.0	0.0	0.0	0.0	0.000212	0.008200	0.006283	0.002768	0.014057	0.049840	0.113205	0.142066	0.157401	0.185410	0.223642	0.313525	0.355591	0.392225	0.366347	0.399787	0.429605	0.389456	0.418956	0.413418	0.440894	0.440468	0.444089	0.434398	0.446858
137.0	9438.0	0.0	0.0	0.0	0.0	0.0	0.0	0.000105	0.007204	0.005721	0.002013	0.011125	0.046937	0.103623	0.131595	0.149184	0.178109	0.215723	0.301970	0.346259	0.386310	0.356643	0.391608	0.426785	0.384085	0.412163	0.408878	0.437168	0.437062	0.436427	0.431553	0.449035
138.0	9550.0	0.0	0.0	0.0	0.0	0.0	0.0	0.0	0.006387	0.004502	0.001675	0.007748	0.043769	0.094345	0.119581	0.138743	0.172774	0.209005	0.292251	0.338638	0.384921	0.350366	0.383560	0.423874	0.380628	0.403560	0.406073	0.427748	0.432984	0.428900	0.430785	0.448795
139.0	9582.0	0.0	0.0	0.0	0.0	0.0	0.0	0.0	0.005739	0.003652	0.001461	0.005739	0.040596	0.085159	0.109163	0.130139	0.164996	0.201628	0.281882	0.332394	0.382905	0.342204	0.378209	0.419849	0.377896	0.397620	0.404299	0.420580	0.425067	0.423919	0.425172	0.446462
140.0	9570.0	0.0	0.0	0.0	0.0	0.0	0.0	0.0	0.005433	0.003239	0.001253	0.003970	0.036572	0.075966	0.098850	0.120480	0.156426	0.194775	0.272727	0.324660	0.377115	0.337095	0.372936	0.413688	0.374712	0.389655	0.401776	0.412016	0.420794	0.419853	0.417241	0.439080
141.0	9763.0	0.0	0.0	0.0	0.0	0.0	0.0	0.0	0.004506	0.002867	0.001024	0.002560	0.032469	0.068216	0.090238	0.112260	0.149032	0.189900	0.262112	0.317422	0.369251	0.334221	0.369558	0.411656	0.370480	0.381030	0.399877	0.406534	0.414524	0.413090	0.414626	0.435112
142.0	9732.0	0.0	0.0	0.0	0.0	0.0	0.0	0.0	0.003699	0.002466	0.000822	0.002055	0.028154	0.061857	0.084155	0.104192	0.139539	0.183312	0.250719	0.307439	0.360460	0.329017	0.364262	0.408138	0.366831	0.374434	0.393649	0.399815	0.408343	0.405466	0.409473	0.428894
143.0	9786.0	0.0	0.0	0.0	0.0	0.0	0.0	0.0	0.002861	0.002248	0.000817	0.001430	0.024729	0.055793	0.078990	0.097690	0.129266	0.178213	0.241876	0.299202	0.354486	0.328326	0.361025	0.406601	0.363580	0.366135	0.389433	0.393010	0.397506	0.396893	0.400674	0.420294
144.0	9928.0	0.0	0.0	0.0	0.0	0.0	0.0	0.0	0.002316	0.001813	0.000503	0.001208	0.021353	0.050261	0.072622	0.090249	0.119762	0.170225	0.230157	0.290692	0.345890	0.325846	0.356567	0.400684	0.355761	0.359991	0.384266	0.388295	0.390813	0.386784	0.395447	0.413074
145.0	10042.0	0.0	0.0	0.0	0.0	0.0	0.0	0.0	0.001792	0.001194	0.000398	0.000697	0.018123	0.045010	0.068113	0.083847	0.111929	0.162617	0.220474	0.282413	0.335192	0.322844	0.354212	0.397430	0.345747	0.353913	0.377016	0.383389	0.385879	0.379406	0.392053	0.409181
146.0	10104.0	0.0	0.0	0.0	0.0	0.0	0.0	0.0	0.001088	0.000890	0.000197	0.000494	0.014449	0.040380	0.063539	0.077197	0.104513	0.155285	0.209422	0.272268	0.325910	0.321258	0.349168	0.394497	0.340855	0.349069	0.372426	0.375197	0.382323	0.374109	0.384996	0.405581
147.0	10140.0	0.0	0.0	0.0	0.0	0.0	0.0	0.0	0.000493	0.000591	9.861932	0.000394	0.011439	0.035009	0.059072	0.069230	0.096548	0.149802	0.199605	0.262031	0.313313	0.319132	0.346745	0.394280	0.336587	0.350098	0.371104	0.370315	0.376134	0.369921	0.379487	0.402859
148.0	10202.0	0.0	0.0	0.0	0.0	0.0	0.0	0.0	0.000294	0.000196	9.801999	9.801999	0.008429	0.029504	0.055185	0.063124	0.090080	0.142815	0.190550	0.253871	0.302391	0.316996	0.344442	0.391883	0.334738	0.349147	0.366986	0.369143	0.371887	0.367476	0.378357	0.399725
149.0	10268.0	0.0	0.0	0.0	0.0	0.0	0.0	0.0	0.000194	0.0	9.738994	9.738994	0.006135	0.025029	0.052785	0.058726	0.083852	0.136151	0.180463	0.243767	0.289637	0.312621	0.340183	0.386053	0.328398	0.346902	0.360148	0.368913	0.369400	0.364725	0.375925	0.393455
150.0	10376.0	0.0	0.0	0.0	0.0	0.0	0.0	0.0	0.000192	0.0	9.637625	0.0	0.003855	0.021395	0.048284	0.053296	0.076811	0.129433	0.172417	0.235158	0.280454	0.308307	0.335774	0.382710	0.324402	0.344159	0.358230	0.370373	0.372590	0.365940	0.376734	0.393696
151.0	10386.0	0.0	0.0	0.0	0.0	0.0	0.0	0.0	0.0	0.0	0.0	0.0	0.002695	0.018486	0.045253	0.048430	0.070286	0.122472	0.164067	0.225592	0.268534	0.301174	0.330829	0.376372	0.320720	0.341709	0.356056	0.370113	0.374831	0.365684	0.377238	0.392643
152.0	10516.0	0.0	0.0	0.0	0.0	0.0	0.0	0.0	0.0	0.0	0.0	0.0	0.001616	0.015880	0.040985	0.044693	0.065329	0.112780	0.157949	0.216146	0.260174	0.294218	0.327405	0.372575	0.314473	0.338246	0.353366	0.370483	0.377139	0.366013	0.374762	0.389691
153.0	10564.0	0.0	0.0	0.0	0.0	0.0	0.0	0.0	0.0	0.0	0.0	0.0	0.001041	0.013252	0.036823	0.040893	0.060393	0.103180	0.150605	0.204846	0.249242	0.288337	0.323457	0.369083	0.307932	0.333207	0.351571	0.371828	0.380916	0.365675	0.371071	0.390761
154.0	10528.0	0.0	0.0	0.0	0.0	0.0	0.0	0.0	0.0	0.0	0.0	0.0	0.000284	0.010923	0.032674	0.037613	0.056041	0.094794	0.144091	0.196143	0.240311	0.281534	0.318294	0.364646	0.300531	0.328267	0.350683	0.370535	0.385068	0.366831	0.374620	0.393427
155.0	10698.0	0.0	0.0	0.0	0.0	0.0	0.0	0.0	0.0	0.0	0.0	0.0	0.0	0.008973	0.028510	0.034772	0.051598	0.087399	0.138437	0.188539	0.232566	0.276032	0.314077	0.360721	0.295569	0.322957	0.345952	0.370069	0.385959	0.366423	0.374088	0.390072
156.0	10788.0	0.0	0.0	0.0	0.0	0.0	0.0	0.0	0.0	0.0	0.0	0.0	0.0	0.006581	0.024100	0.032350	0.045698	0.081294	0.133388	0.182239	0.224972	0.270114	0.310437	0.356599	0.292269	0.315813	0.341397	0.367538	0.385150	0.361327	0.370226	0.384872
157.0	10788.0	0.0	0.0	0.0	0.0	0.0	0.0	0.0	0.0	0.0	0.0	0.0	0.0	0.005190	0.020300	0.029940	0.042639	0.074156	0.127734	0.177048	0.219225	0.263070	0.304597	0.353448	0.285873	0.310901	0.334445	0.365313	0.381256	0.357990	0.366425	0.379403
158.0	10896.0	0.0	0.0	0.0	0.0	0.0	0.0	0.0	0.0	0.0	0.0	0.0	0.0	0.003762	0.016611	0.028450	0.038454	0.065803	0.121328	0.169511	0.212738	0.255414	0.296439	0.346549	0.279827	0.304148	0.326541	0.359306	0.376835	0.352331	0.361325	0.374174
159.0	10962.0	0.0	0.0	0.0	0.0	0.0	0.0	0.0	0.0	0.0	0.0	0.0	0.0	0.003010	0.012497	0.025907	0.035668	0.060299	0.116310	0.164112	0.206440	0.250592	0.288724	0.339901	0.273216	0.299124	0.321291	0.352216	0.372650	0.348750	0.357872	0.371465
160.0	11044.0	0.0	0.0	0.0	0.0	0.0	0.0	0.0	0.0	0.0	0.0	0.0	0.0	0.002082	0.008964	0.022727	0.031963	0.054871	0.111372	0.159453	0.200923	0.243208	0.282506	0.334842	0.266479	0.291923	0.314378	0.343987	0.366805	0.343625	0.354128	0.366262
161.0	11102.0	0.0	0.0	0.0	0.0	0.0	0.0	0.0	0.0	0.0	0.0	0.0	0.0	0.001261	0.006665	0.020536	0.029093	0.049810	0.105026	0.155737	0.191857	0.236984	0.275085	0.326337	0.260673	0.287065	0.305890	0.335615	0.357863	0.336065	0.348225	0.358674
162.0	11190.0	0.0	0.0	0.0	0.0	0.0	0.0	0.0	0.0	0.0	0.0	0.0	0.0	0.000625	0.005004	0.018230	0.026988	0.045218	0.099910	0.154244	0.187220	0.233601	0.269883	0.321179	0.256568	0.280250	0.299374	0.330205	0.350938	0.331456	0.343163	0.354870
163.0	11250.0	0.0	0.0	0.0	0.0	0.0	0.0	0.0	0.0	0.0	0.0	0.0	0.0	0.000177	0.003555	0.016	0.024177	0.041333	0.092622	0.150577	0.182755	0.228711	0.265511	0.314488	0.251644	0.2728	0.291733	0.324266	0.343733	0.322844	0.339733	0.350311
164.0	11330.0	0.0	0.0	0.0	0.0	0.0	0.0	0.0	0.0	0.0	0.0	0.0	0.0	0.0	0.002294	0.014033	0.021182	0.037599	0.085348	0.149514	0.178464	0.223036	0.259841	0.308826	0.246601	0.265225	0.283406	0.318093	0.335657	0.318446	0.338570	0.346248
165.0	11314.0	0.0	0.0	0.0	0.0	0.0	0.0	0.0	0.0	0.0	0.0	0.0	0.0	0.0	0.001237	0.011490	0.019003	0.034028	0.078221	0.147693	0.173501	0.217252	0.253226	0.301396	0.240321	0.255966	0.271256	0.309439	0.325172	0.311737	0.330121	0.339667
166.0	11412.0	0.0	0.0	0.0	0.0	0.0	0.0	0.0	0.0	0.0	0.0	0.0	0.0	0.0	0.000525	0.009638	0.017350	0.031107	0.071065	0.141955	0.167630	0.210304	0.244216	0.293375	0.235804	0.248773	0.262530	0.302400	0.315895	0.305993	0.323080	0.337013
167.0	11508.0	0.0	0.0	0.0	0.0	0.0	0.0	0.0	0.0	0.0	0.0	0.0	0.0	0.0	0.0	0.007994	0.016162	0.027632	0.063607	0.136600	0.163277	0.203684	0.235140	0.283368	0.231056	0.242092	0.252693	0.291797	0.304223	0.301703	0.317692	0.333680
168.0	11532.0	0.0	0.0	0.0	0.0	0.0	0.0	0.0	0.0	0.0	0.0	0.0	0.0	0.0	0.0	0.006763	0.014568	0.024453	0.056018	0.130939	0.157388	0.196756	0.226326	0.270291	0.226847	0.233610	0.245230	0.282691	0.295612	0.296132	0.313302	0.330471
169.0	11664.0	0.0	0.0	0.0	0.0	0.0	0.0	0.0	0.0	0.0	0.0	0.0	0.0	0.0	0.0	0.005486	0.012860	0.022119	0.049897	0.125171	0.149434	0.188871	0.216992	0.258573	0.222736	0.225394	0.237139	0.275377	0.288151	0.290895	0.309927	0.327074
170.0	11758.0	0.0	0.0	0.0	0.0	0.0	0.0	0.0	0.0	0.0	0.0	0.0	0.0	0.0	0.0	0.004677	0.011226	0.019306	0.044055	0.118132	0.141605	0.179622	0.208453	0.247916	0.215257	0.217128	0.228780	0.266626	0.279214	0.285592	0.301922	0.320547
171.0	11730.0	0.0	0.0	0.0	0.0	0.0	0.0	0.0	0.0	0.0	0.0	0.0	0.0	0.0	0.0	0.003921	0.009889	0.016879	0.039641	0.112702	0.136572	0.172975	0.202301	0.239386	0.206905	0.210997	0.222847	0.259164	0.271355	0.281756	0.295140	0.315089
172.0	11884.0	0.0	0.0	0.0	0.0	0.0	0.0	0.0	0.0	0.0	0.0	0.0	0.0	0.0	0.0	0.003365	0.008751	0.014557	0.034668	0.102995	0.127566	0.164170	0.193789	0.228542	0.200942	0.203298	0.216004	0.251935	0.263547	0.277684	0.288791	0.312100
173.0	11912.0	0.0	0.0	0.0	0.0	0.0	0.0	0.0	0.0	0.0	0.0	0.0	0.0	0.0	0.0	0.003022	0.007555	0.012256	0.029633	0.093183	0.117108	0.154717	0.183596	0.218603	0.192327	0.196692	0.209032	0.244123	0.256044	0.274429	0.283999	0.307672
174.0	11932.0	0.0	0.0	0.0	0.0	0.0	0.0	0.0	0.0	0.0	0.0	0.0	0.0	0.0	0.0	0.002681	0.006453	0.009805	0.025645	0.083724	0.105263	0.145491	0.174237	0.211448	0.187479	0.188652	0.202815	0.235752	0.25	0.272712	0.280757	0.302044
175.0	12082.0	0.0	0.0	0.0	0.0	0.0	0.0	0.0	0.0	0.0	0.0	0.0	0.0	0.0	0.0	0.002151	0.005628	0.007945	0.021850	0.074739	0.096010	0.136815	0.164045	0.201953	0.181426	0.181344	0.193924	0.227528	0.244082	0.268912	0.275947	0.295315
176.0	12168.0	0.0	0.0	0.0	0.0	0.0	0.0	0.0	0.0	0.0	0.0	0.0	0.0	0.0	0.0	0.001808	0.004848	0.006163	0.018984	0.065006	0.087031	0.129520	0.155571	0.192307	0.176282	0.176528	0.188938	0.220989	0.240631	0.264299	0.272189	0.288790
177.0	12206.0	0.0	0.0	0.0	0.0	0.0	0.0	0.0	0.0	0.0	0.0	0.0	0.0	0.0	0.0	0.001556	0.004424	0.004669	0.016385	0.058168	0.079551	0.122480	0.147386	0.184663	0.169179	0.171227	0.182041	0.211453	0.236277	0.257987	0.268720	0.282402
178.0	12322.0	0.0	0.0	0.0	0.0	0.0	0.0	0.0	0.0	0.0	0.0	0.0	0.0	0.0	0.0	0.001298	0.003570	0.003570	0.014202	0.050722	0.070280	0.114754	0.139181	0.177812	0.162230	0.165963	0.177406	0.206703	0.230319	0.254909	0.265865	0.275117
179.0	12290.0	0.0	0.0	0.0	0.0	0.0	0.0	0.0	0.0	0.0	0.0	0.0	0.0	0.0	0.0	0.001139	0.003336	0.002847	0.013425	0.044344	0.062408	0.109764	0.133604	0.174288	0.154678	0.161513	0.174125	0.201952	0.225467	0.252725	0.260048	0.266558
180.0	12356.0	0.0	0.0	0.0	0.0	0.0	0.0	0.0	0.0	0.0	0.0	0.0	0.0	0.0	0.0	0.000971	0.003156	0.001942	0.011816	0.039333	0.056814	0.103350	0.127630	0.170443	0.147458	0.155390	0.170443	0.196908	0.218679	0.249109	0.256879	0.262220
181.0	12468.0	0.0	0.0	0.0	0.0	0.0	0.0	0.0	0.0	0.0	0.0	0.0	0.0	0.0	0.0	0.000641	0.002887	0.001443	0.010105	0.035530	0.052694	0.098091	0.122714	0.167388	0.142605	0.151427	0.168350	0.195460	0.213346	0.242540	0.252085	0.255614
182.0	12500.0	0.0	0.0	0.0	0.0	0.0	0.0	0.0	0.0	0.0	0.0	0.0	0.0	0.0	0.0	0.0004	0.00272	0.00096	0.0092	0.03144	0.04896	0.09224	0.11784	0.16368	0.13824	0.14624	0.16424	0.19272	0.2076	0.23816	0.24784	0.24976
183.0	12664.0	0.0	0.0	0.0	0.0	0.0	0.0	0.0	0.0	0.0	0.0	0.0	0.0	0.0	0.0	0.000157	0.002447	0.000631	0.008370	0.028742	0.046193	0.086781	0.114102	0.159823	0.134001	0.141740	0.162034	0.189987	0.201042	0.233812	0.243367	0.242340
184.0	12748.0	0.0	0.0	0.0	0.0	0.0	0.0	0.0	0.0	0.0	0.0	0.0	0.0	0.0	0.0	0.0	0.002274	0.000235	0.008001	0.026749	0.044085	0.082444	0.109115	0.155867	0.128569	0.136884	0.157436	0.187009	0.194540	0.225447	0.236899	0.237370
185.0	12768.0	0.0	0.0	0.0	0.0	0.0	0.0	0.0	0.0	0.0	0.0	0.0	0.0	0.0	0.0	0.0	0.002114	0.000156	0.007675	0.025297	0.042606	0.078947	0.104558	0.150845	0.123355	0.132910	0.152490	0.182409	0.189458	0.218828	0.231124	0.232142
186.0	12812.0	0.0	0.0	0.0	0.0	0.0	0.0	0.0	0.0	0.0	0.0	0.0	0.0	0.0	0.0	0.0	0.001873	0.000156	0.007102	0.023883	0.040899	0.074851	0.101233	0.146815	0.116453	0.130346	0.150640	0.175850	0.183733	0.212457	0.223696	0.227677
187.0	12826.0	0.0	0.0	0.0	0.0	0.0	0.0	0.0	0.0	0.0	0.0	0.0	0.0	0.0	0.0	0.0	0.001793	0.000155	0.006549	0.021986	0.039217	0.070871	0.097848	0.142445	0.111492	0.127631	0.146343	0.170357	0.177530	0.207703	0.216903	0.221581
188.0	12955.0	0.0	0.0	0.0	0.0	0.0	0.0	0.0	0.0	0.0	0.0	0.0	0.0	0.0	0.0	0.0	0.001543	0.000154	0.005789	0.019760	0.037514	0.067618	0.095098	0.139405	0.107989	0.123350	0.144037	0.166730	0.173137	0.203859	0.211192	0.217908
189.0	13026.0	0.0	0.0	0.0	0.0	0.0	0.0	0.0	0.0	0.0	0.0	0.0	0.0	0.0	0.0	0.0	0.001381	0.000153	0.005373	0.018194	0.036158	0.065637	0.092276	0.136265	0.103408	0.119146	0.139259	0.161369	0.168278	0.198679	0.206663	0.214724
190.0	13144.0	0.0	0.0	0.0	0.0	0.0	0.0	0.0	0.0	0.0	0.0	0.0	0.0	0.0	0.0	0.0	0.001141	0.000152	0.005249	0.016737	0.034996	0.061929	0.090231	0.133673	0.100578	0.114957	0.136792	0.155736	0.163344	0.193320	0.201384	0.210818
191.0	13178.0	0.0	0.0	0.0	0.0	0.0	0.0	0.0	0.0	0.0	0.0	0.0	0.0	0.0	0.0	0.0	0.000834	7.588404	0.005235	0.015025	0.032781	0.058886	0.088708	0.129078	0.098421	0.112839	0.133024	0.148884	0.160039	0.187888	0.196084	0.204431
192.0	13200.0	0.0	0.0	0.0	0.0	0.0	0.0	0.0	0.0	0.0	0.0	0.0	0.0	0.0	0.0	0.0	0.000530	0.0	0.005227	0.014090	0.031515	0.057121	0.086666	0.125984	0.094621	0.110606	0.129393	0.143333	0.157878	0.185454	0.191363	0.197878
193.0	13276.0	0.0	0.0	0.0	0.0	0.0	0.0	0.0	0.0	0.0	0.0	0.0	0.0	0.0	0.0	0.0	0.000376	0.0	0.004971	0.012955	0.029225	0.054986	0.083157	0.122401	0.093627	0.109897	0.127297	0.138520	0.156749	0.180551	0.188159	0.194335
194.0	13344.0	0.0	0.0	0.0	0.0	0.0	0.0	0.0	0.0	0.0	0.0	0.0	0.0	0.0	0.0	0.0	0.000299	0.0	0.004721	0.011990	0.026828	0.052158	0.079061	0.118929	0.091052	0.108138	0.123651	0.132494	0.154301	0.174985	0.183678	0.188773
195.0	13480.0	0.0	0.0	0.0	0.0	0.0	0.0	0.0	0.0	0.0	0.0	0.0	0.0	0.0	0.0	0.0	7.418397	0.0	0.004451	0.010756	0.024480	0.049406	0.077670	0.116913	0.090504	0.106750	0.121735	0.128338	0.153709	0.172626	0.181528	0.180563
196.0	13470.0	0.0	0.0	0.0	0.0	0.0	0.0	0.0	0.0	0.0	0.0	0.0	0.0	0.0	0.0	0.0	0.0	0.0	0.004231	0.009725	0.021900	0.045360	0.072902	0.113214	0.087973	0.104751	0.119970	0.123608	0.151373	0.167780	0.177208	0.174536
197.0	13624.0	0.0	0.0	0.0	0.0	0.0	0.0	0.0	0.0	0.0	0.0	0.0	0.0	0.0	0.0	0.0	0.0	0.0	0.003963	0.009028	0.019817	0.042792	0.070390	0.110026	0.087272	0.103787	0.118173	0.122284	0.149662	0.163828	0.175132	0.170214
198.0	13622.0	0.0	0.0	0.0	0.0	0.0	0.0	0.0	0.0	0.0	0.0	0.0	0.0	0.0	0.0	0.0	0.0	0.0	0.003743	0.008809	0.017985	0.039715	0.066583	0.106665	0.085890	0.102554	0.116062	0.119953	0.146380	0.159961	0.171927	0.166862
199.0	13692.0	0.0	0.0	0.0	0.0	0.0	0.0	0.0	0.0	0.0	0.0	0.0	0.0	0.0	0.0	0.0	0.0	0.0	0.003359	0.008399	0.016359	0.035860	0.062372	0.102614	0.084574	0.102322	0.114665	0.117952	0.145048	0.156587	0.168127	0.162357
200.0	13772.0	0.0	0.0	0.0	0.0	0.0	0.0	0.0	0.0	0.0	0.0	0.0	0.0	0.0	0.0	0.0	0.0	0.0	0.002904	0.007987	0.014740	0.031803	0.057725	0.097952	0.081106	0.099912	0.112765	0.114725	0.144133	0.153282	0.163810	0.157493
201.0	13866.0	0.0	0.0	0.0	0.0	0.0	0.0	0.0	0.0	0.0	0.0	0.0	0.0	0.0	0.0	0.0	0.0	0.0	0.002307	0.007500	0.013269	0.028414	0.053295	0.093321	0.078898	0.098153	0.109404	0.112000	0.143083	0.149935	0.161546	0.155488
202.0	13948.0	0.0	0.0	0.0	0.0	0.0	0.0	0.0	0.0	0.0	0.0	0.0	0.0	0.0	0.0	0.0	0.0	0.0	0.001577	0.007527	0.012044	0.025738	0.048394	0.089403	0.076139	0.094995	0.107542	0.111772	0.141238	0.148623	0.160668	0.154359
203.0	14018.0	0.0	0.0	0.0	0.0	0.0	0.0	0.0	0.0	0.0	0.0	0.0	0.0	0.0	0.0	0.0	0.0	0.0	0.001070	0.006919	0.010843	0.023327	0.044442	0.085675	0.072620	0.091382	0.104722	0.109930	0.138464	0.144671	0.158153	0.150877
204.0	14098.0	0.0	0.0	0.0	0.0	0.0	0.0	0.0	0.0	0.0	0.0	0.0	0.0	0.0	0.0	0.0	0.0	0.0	0.000709	0.006242	0.009859	0.021137	0.040927	0.081713	0.068378	0.087601	0.101858	0.107532	0.134699	0.141651	0.154915	0.148602
205.0	14131.0	0.0	0.0	0.0	0.0	0.0	0.0	0.0	0.0	0.0	0.0	0.0	0.0	0.0	0.0	0.0	0.0	0.0	0.000424	0.005519	0.008987	0.019956	0.037223	0.077418	0.064326	0.083716	0.098011	0.104663	0.132687	0.137286	0.152360	0.145920
206.0	14162.0	0.0	0.0	0.0	0.0	0.0	0.0	0.0	0.0	0.0	0.0	0.0	0.0	0.0	0.0	0.0	0.0	0.0	0.000211	0.005154	0.008473	0.019276	0.034246	0.073435	0.060867	0.080355	0.094407	0.102104	0.128018	0.133879	0.148284	0.144894
207.0	14218.0	0.0	0.0	0.0	0.0	0.0	0.0	0.0	0.0	0.0	0.0	0.0	0.0	0.0	0.0	0.0	0.0	0.0	0.0	0.004712	0.007947	0.018216	0.031790	0.069630	0.056829	0.076944	0.091714	0.099943	0.124349	0.130609	0.146645	0.142847
208.0	14300.0	0.0	0.0	0.0	0.0	0.0	0.0	0.0	0.0	0.0	0.0	0.0	0.0	0.0	0.0	0.0	0.0	0.0	0.0	0.004545	0.007062	0.017272	0.029230	0.065804	0.053636	0.073426	0.088741	0.098321	0.120559	0.127482	0.143846	0.138811
209.0	14390.0	0.0	0.0	0.0	0.0	0.0	0.0	0.0	0.0	0.0	0.0	0.0	0.0	0.0	0.0	0.0	0.0	0.0	0.0	0.004169	0.006601	0.016678	0.027727	0.063099	0.049895	0.070535	0.085823	0.095969	0.117790	0.124669	0.142321	0.135997
210.0	14474.0	0.0	0.0	0.0	0.0	0.0	0.0	0.0	0.0	0.0	0.0	0.0	0.0	0.0	0.0	0.0	0.0	0.0	0.0	0.004007	0.005872	0.016028	0.025701	0.060245	0.047257	0.067154	0.082285	0.093547	0.114481	0.121251	0.139215	0.132306
211.0	14522.0	0.0	0.0	0.0	0.0	0.0	0.0	0.0	0.0	0.0	0.0	0.0	0.0	0.0	0.0	0.0	0.0	0.0	0.0	0.003787	0.005095	0.015287	0.024376	0.056397	0.044277	0.063903	0.078983	0.090276	0.109626	0.117132	0.134761	0.128976
212.0	14608.0	0.0	0.0	0.0	0.0	0.0	0.0	0.0	0.0	0.0	0.0	0.0	0.0	0.0	0.0	0.0	0.0	0.0	0.0	0.003422	0.004244	0.014307	0.022042	0.053532	0.041484	0.060993	0.076191	0.089471	0.105216	0.112677	0.131708	0.126848
213.0	14668.0	0.0	0.0	0.0	0.0	0.0	0.0	0.0	0.0	0.0	0.0	0.0	0.0	0.0	0.0	0.0	0.0	0.0	0.0	0.002931	0.003681	0.013226	0.020179	0.050859	0.039132	0.059380	0.073016	0.087469	0.102808	0.109626	0.127624	0.124693
214.0	14792.0	0.0	0.0	0.0	0.0	0.0	0.0	0.0	0.0	0.0	0.0	0.0	0.0	0.0	0.0	0.0	0.0	0.0	0.0	0.002366	0.002906	0.012033	0.018455	0.046984	0.037858	0.057395	0.069564	0.083761	0.098837	0.106611	0.125135	0.123918
215.0	14734.0	0.0	0.0	0.0	0.0	0.0	0.0	0.0	0.0	0.0	0.0	0.0	0.0	0.0	0.0	0.0	0.0	0.0	0.0	0.002239	0.002307	0.010519	0.017103	0.044794	0.036785	0.056128	0.066852	0.081240	0.096239	0.104452	0.123863	0.122505
216.0	14900.0	0.0	0.0	0.0	0.0	0.0	0.0	0.0	0.0	0.0	0.0	0.0	0.0	0.0	0.0	0.0	0.0	0.0	0.0	0.001946	0.001610	0.008926	0.015637	0.042281	0.035369	0.054832	0.064496	0.079731	0.094496	0.103221	0.121879	0.122483
217.0	15022.0	0.0	0.0	0.0	0.0	0.0	0.0	0.0	0.0	0.0	0.0	0.0	0.0	0.0	0.0	0.0	0.0	0.0	0.0	0.001730	0.001198	0.007389	0.013979	0.040074	0.033151	0.053854	0.062175	0.076421	0.091332	0.101051	0.119757	0.121821
218.0	15034.0	0.0	0.0	0.0	0.0	0.0	0.0	0.0	0.0	0.0	0.0	0.0	0.0	0.0	0.0	0.0	0.0	0.0	0.0	0.001529	0.000931	0.006585	0.012771	0.037381	0.031927	0.052880	0.059265	0.074763	0.088599	0.099308	0.117866	0.121458
219.0	15108.0	0.0	0.0	0.0	0.0	0.0	0.0	0.0	0.0	0.0	0.0	0.0	0.0	0.0	0.0	0.0	0.0	0.0	0.0	0.001191	0.000728	0.005493	0.011318	0.035279	0.030050	0.051562	0.057254	0.071352	0.086179	0.097365	0.116428	0.120532
220.0	15120.0	0.0	0.0	0.0	0.0	0.0	0.0	0.0	0.0	0.0	0.0	0.0	0.0	0.0	0.0	0.0	0.0	0.0	0.0	0.000925	0.000529	0.004563	0.010119	0.033267	0.029166	0.049801	0.055952	0.069047	0.084523	0.095436	0.115277	0.119775
221.0	15154.0	0.0	0.0	0.0	0.0	0.0	0.0	0.0	0.0	0.0	0.0	0.0	0.0	0.0	0.0	0.0	0.0	0.0	0.0	0.000527	0.000329	0.003893	0.009436	0.031014	0.028111	0.048172	0.053979	0.065857	0.081034	0.092120	0.113105	0.117658
222.0	15292.0	0.0	0.0	0.0	0.0	0.0	0.0	0.0	0.0	0.0	0.0	0.0	0.0	0.0	0.0	0.0	0.0	0.0	0.0	0.000130	0.000130	0.003400	0.008566	0.028773	0.027072	0.046821	0.051987	0.063235	0.079714	0.088935	0.110711	0.114962
223.0	15426.0	0.0	0.0	0.0	0.0	0.0	0.0	0.0	0.0	0.0	0.0	0.0	0.0	0.0	0.0	0.0	0.0	0.0	0.0	6.482561	0.0	0.003111	0.008103	0.027032	0.025735	0.046026	0.050434	0.061584	0.077725	0.086671	0.107999	0.113185
224.0	15456.0	0.0	0.0	0.0	0.0	0.0	0.0	0.0	0.0	0.0	0.0	0.0	0.0	0.0	0.0	0.0	0.0	0.0	0.0	0.0	0.0	0.002717	0.007634	0.025556	0.024585	0.044642	0.048654	0.059006	0.074922	0.082880	0.106172	0.108760
225.0	15514.0	0.0	0.0	0.0	0.0	0.0	0.0	0.0	0.0	0.0	0.0	0.0	0.0	0.0	0.0	0.0	0.0	0.0	0.0	0.0	0.0	0.002513	0.006896	0.024107	0.022882	0.042864	0.047569	0.057045	0.072708	0.079734	0.101779	0.104873
226.0	15578.0	0.0	0.0	0.0	0.0	0.0	0.0	0.0	0.0	0.0	0.0	0.0	0.0	0.0	0.0	0.0	0.0	0.0	0.0	0.0	0.0	0.002118	0.005841	0.021697	0.020991	0.040826	0.045127	0.053665	0.069135	0.075491	0.096995	0.100847
227.0	15622.0	0.0	0.0	0.0	0.0	0.0	0.0	0.0	0.0	0.0	0.0	0.0	0.0	0.0	0.0	0.0	0.0	0.0	0.0	0.0	0.0	0.001984	0.005313	0.019523	0.018819	0.037831	0.043208	0.050377	0.065228	0.070797	0.091921	0.094098
228.0	15726.0	0.0	0.0	0.0	0.0	0.0	0.0	0.0	0.0	0.0	0.0	0.0	0.0	0.0	0.0	0.0	0.0	0.0	0.0	0.0	0.0	0.002098	0.005341	0.017359	0.016787	0.035037	0.040887	0.047691	0.061617	0.065814	0.086798	0.087498
229.0	15772.0	0.0	0.0	0.0	0.0	0.0	0.0	0.0	0.0	0.0	0.0	0.0	0.0	0.0	0.0	0.0	0.0	0.0	0.0	0.0	0.0	0.002282	0.005452	0.015850	0.015533	0.032969	0.038676	0.043938	0.058077	0.061945	0.081156	0.082170
230.0	15920.0	0.0	0.0	0.0	0.0	0.0	0.0	0.0	0.0	0.0	0.0	0.0	0.0	0.0	0.0	0.0	0.0	0.0	0.0	0.0	0.0	0.002701	0.005716	0.015012	0.014572	0.030967	0.036746	0.041896	0.055150	0.057600	0.075879	0.078015
231.0	15996.0	0.0	0.0	0.0	0.0	0.0	0.0	0.0	0.0	0.0	0.0	0.0	0.0	0.0	0.0	0.0	0.0	0.0	0.0	0.0	0.0	0.002875	0.005501	0.013690	0.013503	0.029507	0.035071	0.039697	0.052013	0.052763	0.069829	0.072330
232.0	15950.0	0.0	0.0	0.0	0.0	0.0	0.0	0.0	0.0	0.0	0.0	0.0	0.0	0.0	0.0	0.0	0.0	0.0	0.0	0.0	0.0	0.002821	0.005141	0.013354	0.012727	0.027836	0.034357	0.038244	0.048526	0.049278	0.065329	0.068275
233.0	16008.0	0.0	0.0	0.0	0.0	0.0	0.0	0.0	0.0	0.0	0.0	0.0	0.0	0.0	0.0	0.0	0.0	0.0	0.0	0.0	0.0	0.003123	0.005184	0.012681	0.011181	0.026111	0.032608	0.036856	0.045352	0.046289	0.061094	0.064155
234.0	16124.0	0.0	0.0	0.0	0.0	0.0	0.0	0.0	0.0	0.0	0.0	0.0	0.0	0.0	0.0	0.0	0.0	0.0	0.0	0.0	0.0	0.003225	0.005085	0.012031	0.010481	0.023753	0.031071	0.034606	0.042607	0.043661	0.057243	0.059414
235.0	16216.0	0.0	0.0	0.0	0.0	0.0	0.0	0.0	0.0	0.0	0.0	0.0	0.0	0.0	0.0	0.0	0.0	0.0	0.0	0.0	0.0	0.003515	0.004933	0.011346	0.009928	0.021706	0.029723	0.033608	0.040453	0.041563	0.053465	0.056055
236.0	16327.0	0.0	0.0	0.0	0.0	0.0	0.0	0.0	0.0	0.0	0.0	0.0	0.0	0.0	0.0	0.0	0.0	0.0	0.0	0.0	0.0	0.003736	0.005328	0.011330	0.010105	0.020150	0.028296	0.032216	0.038525	0.038341	0.050652	0.052673
237.0	16328.0	0.0	0.0	0.0	0.0	0.0	0.0	0.0	0.0	0.0	0.0	0.0	0.0	0.0	0.0	0.0	0.0	0.0	0.0	0.0	0.0	0.003980	0.005695	0.011391	0.010350	0.018495	0.027192	0.031908	0.036440	0.035828	0.047341	0.049485
238.0	16360.0	0.0	0.0	0.0	0.0	0.0	0.0	0.0	0.0	0.0	0.0	0.0	0.0	0.0	0.0	0.0	0.0	0.0	0.0	0.0	0.0	0.004217	0.005806	0.011674	0.010391	0.017359	0.025611	0.031356	0.034841	0.034596	0.044437	0.048288
239.0	16466.0	0.0	0.0	0.0	0.0	0.0	0.0	0.0	0.0	0.0	0.0	0.0	0.0	0.0	0.0	0.0	0.0	0.0	0.0	0.0	0.0	0.004494	0.005830	0.011660	0.010931	0.016215	0.023563	0.030183	0.033645	0.032551	0.042025	0.046641
240.0	16557.0	0.0	0.0	0.0	0.0	0.0	0.0	0.0	0.0	0.0	0.0	0.0	0.0	0.0	0.0	0.0	0.0	0.0	0.0	0.0	0.0	0.004469	0.005677	0.011294	0.010811	0.014495	0.021682	0.029353	0.031889	0.031829	0.039862	0.044694
241.0	16558.0	0.0	0.0	0.0	0.0	0.0	0.0	0.0	0.0	0.0	0.0	0.0	0.0	0.0	0.0	0.0	0.0	0.0	0.0	0.0	0.0	0.004408	0.005918	0.011052	0.010689	0.013045	0.019869	0.028264	0.030740	0.031223	0.037564	0.042336
242.0	16676.0	0.0	0.0	0.0	0.0	0.0	0.0	0.0	0.0	0.0	0.0	0.0	0.0	0.0	0.0	0.0	0.0	0.0	0.0	0.0	0.0	0.004257	0.005756	0.010314	0.009894	0.011153	0.017090	0.026864	0.028783	0.030702	0.036039	0.040117
243.0	16746.0	0.0	0.0	0.0	0.0	0.0	0.0	0.0	0.0	0.0	0.0	0.0	0.0	0.0	0.0	0.0	0.0	0.0	0.0	0.0	0.0	0.004180	0.005553	0.009494	0.009315	0.009673	0.014690	0.025438	0.027170	0.029439	0.033978	0.038277
244.0	16784.0	0.0	0.0	0.0	0.0	0.0	0.0	0.0	0.0	0.0	0.0	0.0	0.0	0.0	0.0	0.0	0.0	0.0	0.0	0.0	0.0	0.003693	0.004945	0.008639	0.008579	0.008102	0.012750	0.023355	0.025560	0.027883	0.031935	0.035867
245.0	16944.0	0.0	0.0	0.0	0.0	0.0	0.0	0.0	0.0	0.0	0.0	0.0	0.0	0.0	0.0	0.0	0.0	0.0	0.0	0.0	0.0	0.003482	0.004662	0.007731	0.007849	0.006846	0.010741	0.021010	0.023253	0.025908	0.029745	0.033168
246.0	16890.0	0.0	0.0	0.0	0.0	0.0	0.0	0.0	0.0	0.0	0.0	0.0	0.0	0.0	0.0	0.0	0.0	0.0	0.0	0.0	0.0	0.003078	0.004322	0.006749	0.006867	0.005683	0.008880	0.018176	0.020781	0.024037	0.027649	0.031083
247.0	16990.0	0.0	0.0	0.0	0.0	0.0	0.0	0.0	0.0	0.0	0.0	0.0	0.0	0.0	0.0	0.0	0.0	0.0	0.0	0.0	0.0	0.002648	0.003472	0.005473	0.005532	0.004414	0.006709	0.015126	0.018304	0.022660	0.025721	0.029252
248.0	17064.0	0.0	0.0	0.0	0.0	0.0	0.0	0.0	0.0	0.0	0.0	0.0	0.0	0.0	0.0	0.0	0.0	0.0	0.0	0.0	0.0	0.002402	0.002930	0.004512	0.004395	0.003398	0.004864	0.012482	0.016174	0.020979	0.023558	0.027367
249.0	17122.0	0.0	0.0	0.0	0.0	0.0	0.0	0.0	0.0	0.0	0.0	0.0	0.0	0.0	0.0	0.0	0.0	0.0	0.0	0.0	0.0	0.001985	0.002452	0.003329	0.003270	0.002336	0.003270	0.010162	0.014542	0.019273	0.021901	0.025639
250.0	17179.0	0.0	0.0	0.0	0.0	0.0	0.0	0.0	0.0	0.0	0.0	0.0	0.0	0.0	0.0	0.0	0.0	0.0	0.0	0.0	0.0	0.001513	0.001804	0.002503	0.002328	0.001746	0.002503	0.008207	0.012282	0.017870	0.020664	0.024040
251.0	17219.0	0.0	0.0	0.0	0.0	0.0	0.0	0.0	0.0	0.0	0.0	0.0	0.0	0.0	0.0	0.0	0.0	0.0	0.0	0.0	0.0	0.001045	0.001277	0.001742	0.001451	0.001103	0.001509	0.006214	0.010163	0.015506	0.019397	0.021952
252.0	17247.0	0.0	0.0	0.0	0.0	0.0	0.0	0.0	0.0	0.0	0.0	0.0	0.0	0.0	0.0	0.0	0.0	0.0	0.0	0.0	0.0	0.000695	0.000695	0.001043	0.000985	0.000753	0.000753	0.004696	0.008639	0.013567	0.018495	0.021453
253.0	17208.0	0.0	0.0	0.0	0.0	0.0	0.0	0.0	0.0	0.0	0.0	0.0	0.0	0.0	0.0	0.0	0.0	0.0	0.0	0.0	0.0	0.000290	0.000232	0.000464	0.000581	0.000406	0.000464	0.003138	0.007205	0.011622	0.017433	0.020513
254.0	17179.0	0.0	0.0	0.0	0.0	0.0	0.0	0.0	0.0	0.0	0.0	0.0	0.0	0.0	0.0	0.0	0.0	0.0	0.0	0.0	0.0	5.821060	5.821060	0.000174	0.000174	0.000174	0.000174	0.001920	0.006636	0.010652	0.016997	0.020024
255.0	17106.0	0.0	0.0	0.0	0.0	0.0	0.0	0.0	0.0	0.0	0.0	0.0	0.0	0.0	0.0	0.0	0.0	0.0	0.0	0.0	0.0	5.845902	5.845902	0.0	0.000175	0.000116	5.845902	0.001227	0.005728	0.010054	0.016426	0.019876
